.##..##..####..#.#.#.###....#...#..#.#.#..#...#....##.#.#.#.#.#..######.##....##.###....##..#.####.#
-76 -77 122 123 .....#..#.##...#.##....#....#.##...#.....#.##...#.##...#.##...#.##...#..#.##...#.##...#.##...#.##...#.##...#.##...#.##...#.##...#.##...#.##...#.##...
-77 -78 123 124 .....#..#.##...#.##....#....#.##...#.....#.##...#.##...#.##...#.##...#..#.##...#.##...#.##...#.##...#.##...#.##...#.##...#.##...#.##...#.##...#.##...
-78 -79 124 125 .....#..#.##...#.##....#....#.##...#.....#.##...#.##...#.##...#.##...#..#.##...#.##...#.##...#.##...#.##...#.##...#.##...#.##...#.##...#.##...#.##...
-79 -80 125 126 .....#..#.##...#.##....#....#.##...#.....#.##...#.##...#.##...#.##...#..#.##...#.##...#.##...#.##...#.##...#.##...#.##...#.##...#.##...#.##...#.##...
-80 -81 126 127 .....#..#.##...#.##....#....#.##...#.....#.##...#.##...#.##...#.##...#..#.##...#.##...#.##...#.##...#.##...#.##...#.##...#.##...#.##...#.##...#.##...
-81 -82 127 128 .....#..#.##...#.##....#....#.##...#.....#.##...#.##...#.##...#.##...#..#.##...#.##...#.##...#.##...#.##...#.##...#.##...#.##...#.##...#.##...#.##...
-82 -83 128 129 .....#..#.##...#.##....#....#.##...#.....#.##...#.##...#.##...#.##...#..#.##...#.##...#.##...#.##...#.##...#.##...#.##...#.##...#.##...#.##...#.##...
-83 -84 129 130 .....#..#.##...#.##....#....#.##...#.....#.##...#.##...#.##...#.##...#..#.##...#.##...#.##...#.##...#.##...#.##...#.##...#.##...#.##...#.##...#.##...
-84 -85 130 131 .....#..#.##...#.##....#....#.##...#.....#.##...#.##...#.##...#.##...#..#.##...#.##...#.##...#.##...#.##...#.##...#.##...#.##...#.##...#.##...#.##...
-85 -86 131 132 .....#..#.##...#.##....#....#.##...#.....#.##...#.##...#.##...#.##...#..#.##...#.##...#.##...#.##...#.##...#.##...#.##...#.##...#.##...#.##...#.##...
-86 -87 132 133 .....#..#.##...#.##....#....#.##...#.....#.##...#.##...#.##...#.##...#..#.##...#.##...#.##...#.##...#.##...#.##...#.##...#.##...#.##...#.##...#.##...
-87 -88 133 134 .....#..#.##...#.##....#....#.##...#.....#.##...#.##...#.##...#.##...#..#.##...#.##...#.##...#.##...#.##...#.##...#.##...#.##...#.##...#.##...#.##...
-88 -89 134 135 .....#..#.##...#.##....#....#.##...#.....#.##...#.##...#.##...#.##...#..#.##...#.##...#.##...#.##...#.##...#.##...#.##...#.##...#.##...#.##...#.##...
-89 -90 135 136 .....#..#.##...#.##....#....#.##...#.....#.##...#.##...#.##...#.##...#..#.##...#.##...#.##...#.##...#.##...#.##...#.##...#.##...#.##...#.##...#.##...
-90 -91 136 137 .....#..#.##...#.##....#....#.##...#.....#.##...#.##...#.##...#.##...#..#.##...#.##...#.##...#.##...#.##...#.##...#.##...#.##...#.##...#.##...#.##...
-91 -92 137 138 .....#..#.##...#.##....#....#.##...#.....#.##...#.##...#.##...#.##...#..#.##...#.##...#.##...#.##...#.##...#.##...#.##...#.##...#.##...#.##...#.##...
-92 -93 138 139 .....#..#.##...#.##....#....#.##...#.....#.##...#.##...#.##...#.##...#..#.##...#.##...#.##...#.##...#.##...#.##...#.##...#.##...#.##...#.##...#.##...
-93 -94 139 140 .....#..#.##...#.##....#....#.##...#.....#.##...#.##...#.##...#.##...#..#.##...#.##...#.##...#.##...#.##...#.##...#.##...#.##...#.##...#.##...#.##...
-94 -95 140 141 .....#..#.##...#.##....#....#.##...#.....#.##...#.##...#.##...#.##...#..#.##...#.##...#.##...#.##...#.##...#.##...#.##...#.##...#.##...#.##...#.##...
-95 -96 141 142 .....#..#.##...#.##....#....#.##...#.....#.##...#.##...#.##...#.##...#..#.##...#.##...#.##...#.##...#.##...#.##...#.##...#.##...#.##...#.##...#.##...
-96 -97 142 143 .....#..#.##...#.##....#....#.##...#.....#.##...#.##...#.##...#.##...#..#.##...#.##...#.##...#.##...#.##...#.##...#.##...#.##...#.##...#.##...#.##...
-97 -98 143 144 .....#..#.##...#.##....#....#.##...#.....#.##...#.##...#.##...#.##...#..#.##...#.##...#.##...#.##...#.##...#.##...#.##...#.##...#.##...#.##...#.##...
-98 -99 144 145 .....#..#.##...#.##....#....#.##...#.....#.##...#.##...#.##...#.##...#..#.##...#.##...#.##...#.##...#.##...#.##...#.##...#.##...#.##...#.##...#.##...
-99 -100 145 146 .....#..#.##...#.##....#....#.##...#.....#.##...#.##...#.##...#.##...#..#.##...#.##...#.##...#.##...#.##...#.##...#.##...#.##...#.##...#.##...#.##...
-100 -101 146 147 .....#..#.##...#.##....#....#.##...#.....#.##...#.##...#.##...#.##...#..#.##...#.##...#.##...#.##...#.##...#.##...#.##...#.##...#.##...#.##...#.##...
-101 -102 147 148 .....#..#.##...#.##....#....#.##...#.....#.##...#.##...#.##...#.##...#..#.##...#.##...#.##...#.##...#.##...#.##...#.##...#.##...#.##...#.##...#.##...
-102 -103 148 149 .....#..#.##...#.##....#....#.##...#.....#.##...#.##...#.##...#.##...#..#.##...#.##...#.##...#.##...#.##...#.##...#.##...#.##...#.##...#.##...#.##...
-103 -104 149 150 .....#..#.##...#.##....#....#.##...#.....#.##...#.##...#.##...#.##...#..#.##...#.##...#.##...#.##...#.##...#.##...#.##...#.##...#.##...#.##...#.##...
-104 -105 150 151 .....#..#.##...#.##....#....#.##...#.....#.##...#.##...#.##...#.##...#..#.##...#.##...#.##...#.##...#.##...#.##...#.##...#.##...#.##...#.##...#.##...
-105 -106 151 152 .....#..#.##...#.##....#....#.##...#.....#.##...#.##...#.##...#.##...#..#.##...#.##...#.##...#.##...#.##...#.##...#.##...#.##...#.##...#.##...#.##...
-106 -107 152 153 .....#..#.##...#.##....#....#.##...#.....#.##...#.##...#.##...#.##...#..#.##...#.##...#.##...#.##...#.##...#.##...#.##...#.##...#.##...#.##...#.##...
-107 -108 153 154 .....#..#.##...#.##....#....#.##...#.....#.##...#.##...#.##...#.##...#..#.##...#.##...#.##...#.##...#.##...#.##...#.##...#.##...#.##...#.##...#.##...
-108 -109 154 155 .....#..#.##...#.##....#....#.##...#.....#.##...#.##...#.##...#.##...#..#.##...#.##...#.##...#.##...#.##...#.##...#.##...#.##...#.##...#.##...#.##...
-109 -110 155 156 .....#..#.##...#.##....#....#.##...#.....#.##...#.##...#.##...#.##...#..#.##...#.##...#.##...#.##...#.##...#.##...#.##...#.##...#.##...#.##...#.##...
-110 -111 156 157 .....#..#.##...#.##....#....#.##...#.....#.##...#.##...#.##...#.##...#..#.##...#.##...#.##...#.##...#.##...#.##...#.##...#.##...#.##...#.##...#.##...
58
[116 119 121 122 126 128 129 134 139 141 142 146 152 154 155 159 161 162 166 168 169 173 175 176 180 183 185 186 190 192 193 197 199 200 204 206 207 211 213 214 218 220 221 225 227 228 232 234 235 239 241 242 246 248 249 253 255 256]
10962